0.000000
0.000000 0.100000 0.200000 0.300000 0.400000 0.500000 0.600000 0.700000 0.800000 0.900000 1.000000 
0.000000 0.000000 0.000000 0.000000 0.000000 0.000000 0.000000 0.000000 0.000000 0.000000 0.000000 0.000000 
0.100000 0.000000 0.000000 0.000000 0.000000 0.000000 0.000000 0.000000 0.000000 0.000000 0.000000 0.000000 
0.200000 0.000000 0.000000 0.000000 0.000000 0.000000 0.000000 0.000000 0.000000 0.000000 0.000000 0.000000 
0.300000 0.000000 0.000000 0.000000 0.000000 0.000000 0.000000 0.000000 0.000000 0.000000 0.000000 0.000000 
0.400000 0.000000 0.000000 0.000000 0.000000 0.000000 0.000000 0.000000 0.000000 0.000000 0.000000 0.000000 
0.500000 0.000000 0.000000 0.000000 0.000000 0.000000 0.000000 0.000000 0.000000 0.000000 0.000000 0.000000 
0.600000 0.000000 0.000000 0.000000 0.000000 0.000000 0.000000 0.000000 0.000000 0.000000 0.000000 0.000000 
0.700000 0.000000 0.000000 0.000000 0.000000 0.000000 0.000000 0.000000 0.000000 0.000000 0.000000 0.000000 
0.800000 0.000000 0.000000 0.000000 0.000000 0.000000 0.000000 0.000000 0.000000 0.000000 0.000000 0.000000 
0.900000 0.000000 0.000000 0.000000 0.000000 0.000000 0.000000 0.000000 0.000000 0.000000 0.000000 0.000000 
1.000000 0.000000 0.000000 0.000000 0.000000 0.000000 0.000000 0.000000 0.000000 0.000000 0.000000 0.000000 

0.200000
0.000000 0.100000 0.200000 0.300000 0.400000 0.500000 0.600000 0.700000 0.800000 0.900000 1.000000 
0.000000 0.040000 0.036193 0.032749 0.029633 0.026813 0.024261 0.021952 0.019863 0.017973 0.016263 0.014715 
0.100000 0.048856 0.044207 0.040000 0.036193 0.032749 0.029633 0.026813 0.024261 0.021952 0.019863 0.017973 
0.200000 0.059673 0.053994 0.048856 0.044207 0.040000 0.036193 0.032749 0.029633 0.026813 0.024261 0.021952 
0.300000 0.072885 0.065949 0.059673 0.053994 0.048856 0.044207 0.040000 0.036193 0.032749 0.029633 0.026813 
0.400000 0.089022 0.080550 0.072885 0.065949 0.059673 0.053994 0.048856 0.044207 0.040000 0.036193 0.032749 
0.500000 0.108731 0.098384 0.089022 0.080550 0.072885 0.065949 0.059673 0.053994 0.048856 0.044207 0.040000 
0.600000 0.132805 0.120167 0.108731 0.098384 0.089022 0.080550 0.072885 0.065949 0.059673 0.053994 0.048856 
0.700000 0.162208 0.146772 0.132805 0.120167 0.108731 0.098384 0.089022 0.080550 0.072885 0.065949 0.059673 
0.800000 0.198121 0.179268 0.162208 0.146772 0.132805 0.120167 0.108731 0.098384 0.089022 0.080550 0.072885 
0.900000 0.241986 0.218958 0.198121 0.179268 0.162208 0.146772 0.132805 0.120167 0.108731 0.098384 0.089022 
1.000000 0.295562 0.267436 0.241986 0.218958 0.198121 0.179268 0.162208 0.146772 0.132805 0.120167 0.108731 

0.400000
0.000000 0.100000 0.200000 0.300000 0.400000 0.500000 0.600000 0.700000 0.800000 0.900000 1.000000 
0.000000 0.160000 0.144774 0.130997 0.118531 0.107251 0.097045 0.087810 0.079454 0.071893 0.065051 0.058861 
0.100000 0.195424 0.176827 0.160000 0.144774 0.130997 0.118531 0.107251 0.097045 0.087810 0.079454 0.071893 
0.200000 0.238692 0.215977 0.195424 0.176827 0.160000 0.144774 0.130997 0.118531 0.107251 0.097045 0.087810 
0.300000 0.291539 0.263795 0.238692 0.215977 0.195424 0.176827 0.160000 0.144774 0.130997 0.118531 0.107251 
0.400000 0.356087 0.322200 0.291539 0.263795 0.238692 0.215977 0.195424 0.176827 0.160000 0.144774 0.130997 
0.500000 0.434925 0.393536 0.356087 0.322200 0.291539 0.263795 0.238692 0.215977 0.195424 0.176827 0.160000 
0.600000 0.531219 0.480667 0.434925 0.393536 0.356087 0.322200 0.291539 0.263795 0.238692 0.215977 0.195424 
0.700000 0.648832 0.587087 0.531219 0.480667 0.434925 0.393536 0.356087 0.322200 0.291539 0.263795 0.238692 
0.800000 0.792485 0.717070 0.648832 0.587087 0.531219 0.480667 0.434925 0.393536 0.356087 0.322200 0.291539 
0.900000 0.967944 0.875832 0.792485 0.717070 0.648832 0.587087 0.531219 0.480667 0.434925 0.393536 0.356087 
1.000000 1.182249 1.069743 0.967944 0.875832 0.792485 0.717070 0.648832 0.587087 0.531219 0.480667 0.434925 

0.600000
0.000000 0.100000 0.200000 0.300000 0.400000 0.500000 0.600000 0.700000 0.800000 0.900000 1.000000 
0.000000 0.360000 0.325741 0.294743 0.266695 0.241315 0.218351 0.197572 0.178771 0.161758 0.146365 0.132437 
0.100000 0.439705 0.397862 0.360000 0.325741 0.294743 0.266695 0.241315 0.218351 0.197572 0.178771 0.161758 
0.200000 0.537057 0.485949 0.439705 0.397862 0.360000 0.325741 0.294743 0.266695 0.241315 0.218351 0.197572 
0.300000 0.655963 0.593540 0.537057 0.485949 0.439705 0.397862 0.360000 0.325741 0.294743 0.266695 0.241315 
0.400000 0.801195 0.724951 0.655963 0.593540 0.537057 0.485949 0.439705 0.397862 0.360000 0.325741 0.294743 
0.500000 0.978581 0.885457 0.801195 0.724951 0.655963 0.593540 0.537057 0.485949 0.439705 0.397862 0.360000 
0.600000 1.195242 1.081500 0.978581 0.885457 0.801195 0.724951 0.655963 0.593540 0.537057 0.485949 0.439705 
0.700000 1.459872 1.320947 1.195242 1.081500 0.978581 0.885457 0.801195 0.724951 0.655963 0.593540 0.537057 
0.800000 1.783092 1.613408 1.459872 1.320947 1.195242 1.081500 0.978581 0.885457 0.801195 0.724951 0.655963 
0.900000 2.177873 1.970621 1.783092 1.613408 1.459872 1.320947 1.195242 1.081500 0.978581 0.885457 0.801195 
1.000000 2.660060 2.406922 2.177873 1.970621 1.783092 1.613408 1.459872 1.320947 1.195242 1.081500 0.978581 

0.800000
0.000000 0.100000 0.200000 0.300000 0.400000 0.500000 0.600000 0.700000 0.800000 0.900000 1.000000 
0.000000 0.640000 0.579096 0.523988 0.474124 0.429005 0.388180 0.351239 0.317815 0.287571 0.260205 0.235443 
0.100000 0.781698 0.707309 0.640000 0.579096 0.523988 0.474124 0.429005 0.388180 0.351239 0.317815 0.287571 
0.200000 0.954768 0.863910 0.781698 0.707309 0.640000 0.579096 0.523988 0.474124 0.429005 0.388180 0.351239 
0.300000 1.166156 1.055182 0.954768 0.863910 0.781698 0.707309 0.640000 0.579096 0.523988 0.474124 0.429005 
0.400000 1.424346 1.288802 1.166156 1.055182 0.954768 0.863910 0.781698 0.707309 0.640000 0.579096 0.523988 
0.500000 1.739700 1.574146 1.424346 1.288802 1.166156 1.055182 0.954768 0.863910 0.781698 0.707309 0.640000 
0.600000 2.124875 1.922666 1.739700 1.574146 1.424346 1.288802 1.166156 1.055182 0.954768 0.863910 0.781698 
0.700000 2.595328 2.348350 2.124875 1.922666 1.739700 1.574146 1.424346 1.288802 1.166156 1.055182 0.954768 
0.800000 3.169941 2.868281 2.595328 2.348350 2.124875 1.922666 1.739700 1.574146 1.424346 1.288802 1.166156 
0.900000 3.871774 3.503326 3.169941 2.868281 2.595328 2.348350 2.124875 1.922666 1.739700 1.574146 1.424346 
1.000000 4.728996 4.278972 3.871774 3.503326 3.169941 2.868281 2.595328 2.348350 2.124875 1.922666 1.739700 

1.000000
0.000000 0.100000 0.200000 0.300000 0.400000 0.500000 0.600000 0.700000 0.800000 0.900000 1.000000 
0.000000 1.000000 0.904837 0.818731 0.740818 0.670320 0.606531 0.548812 0.496585 0.449329 0.406570 0.367879 
0.100000 1.221403 1.105171 1.000000 0.904837 0.818731 0.740818 0.670320 0.606531 0.548812 0.496585 0.449329 
0.200000 1.491825 1.349859 1.221403 1.105171 1.000000 0.904837 0.818731 0.740818 0.670320 0.606531 0.548812 
0.300000 1.822119 1.648721 1.491825 1.349859 1.221403 1.105171 1.000000 0.904837 0.818731 0.740818 0.670320 
0.400000 2.225541 2.013753 1.822119 1.648721 1.491825 1.349859 1.221403 1.105171 1.000000 0.904837 0.818731 
0.500000 2.718282 2.459603 2.225541 2.013753 1.822119 1.648721 1.491825 1.349859 1.221403 1.105171 1.000000 
0.600000 3.320117 3.004166 2.718282 2.459603 2.225541 2.013753 1.822119 1.648721 1.491825 1.349859 1.221403 
0.700000 4.055200 3.669297 3.320117 3.004166 2.718282 2.459603 2.225541 2.013753 1.822119 1.648721 1.491825 
0.800000 4.953032 4.481689 4.055200 3.669297 3.320117 3.004166 2.718282 2.459603 2.225541 2.013753 1.822119 
0.900000 6.049647 5.473947 4.953032 4.481689 4.055200 3.669297 3.320117 3.004166 2.718282 2.459603 2.225541 
1.000000 7.389056 6.685894 6.049647 5.473947 4.953032 4.481689 4.055200 3.669297 3.320117 3.004166 2.718282 

1.200000
0.000000 0.100000 0.200000 0.300000 0.400000 0.500000 0.600000 0.700000 0.800000 0.900000 1.000000 
0.000000 1.440000 1.302966 1.178972 1.066778 0.965261 0.873404 0.790289 0.715083 0.647034 0.585460 0.529746 
0.100000 1.758820 1.591446 1.440000 1.302966 1.178972 1.066778 0.965261 0.873404 0.790289 0.715083 0.647034 
0.200000 2.148228 1.943797 1.758820 1.591446 1.440000 1.302966 1.178972 1.066778 0.965261 0.873404 0.790289 
0.300000 2.623851 2.374159 2.148228 1.943797 1.758820 1.591446 1.440000 1.302966 1.178972 1.066778 0.965261 
0.400000 3.204779 2.899804 2.623851 2.374159 2.148228 1.943797 1.758820 1.591446 1.440000 1.302966 1.178972 
0.500000 3.914326 3.541828 3.204779 2.899804 2.623851 2.374159 2.148228 1.943797 1.758820 1.591446 1.440000 
0.600000 4.780968 4.325999 3.914326 3.541828 3.204779 2.899804 2.623851 2.374159 2.148228 1.943797 1.758820 
0.700000 5.839488 5.283787 4.780968 4.325999 3.914326 3.541828 3.204779 2.899804 2.623851 2.374159 2.148228 
0.800000 7.132367 6.453632 5.839488 5.283787 4.780968 4.325999 3.914326 3.541828 3.204779 2.899804 2.623851 
0.900000 8.711492 7.882484 7.132367 6.453632 5.839488 5.283787 4.780968 4.325999 3.914326 3.541828 3.204779 
1.000000 10.640241 9.627688 8.711492 7.882484 7.132367 6.453632 5.839488 5.283787 4.780968 4.325999 3.914326 

1.400000
0.000000 0.100000 0.200000 0.300000 0.400000 0.500000 0.600000 0.700000 0.800000 0.900000 1.000000 
0.000000 1.960000 1.773481 1.604712 1.452004 1.313827 1.188800 1.075671 0.973307 0.880685 0.796877 0.721044 
0.100000 2.393949 2.166135 1.960000 1.773481 1.604712 1.452004 1.313827 1.188800 1.075671 0.973307 0.880685 
0.200000 2.923976 2.645723 2.393949 2.166135 1.960000 1.773481 1.604712 1.452004 1.313827 1.188800 1.075671 
0.300000 3.571353 3.231494 2.923976 2.645723 2.393949 2.166135 1.960000 1.773481 1.604712 1.452004 1.313827 
0.400000 4.362060 3.946955 3.571353 3.231494 2.923976 2.645723 2.393949 2.166135 1.960000 1.773481 1.604712 
0.500000 5.327832 4.820822 4.362060 3.946955 3.571353 3.231494 2.923976 2.645723 2.393949 2.166135 1.960000 
0.600000 6.507429 5.888165 5.327832 4.820822 4.362060 3.946955 3.571353 3.231494 2.923976 2.645723 2.393949 
0.700000 7.948192 7.191821 6.507429 5.888165 5.327832 4.820822 4.362060 3.946955 3.571353 3.231494 2.923976 
0.800000 9.707944 8.784111 7.948192 7.191821 6.507429 5.888165 5.327832 4.820822 4.362060 3.946955 3.571353 
0.900000 11.857309 10.728937 9.707944 8.784111 7.948192 7.191821 6.507429 5.888165 5.327832 4.820822 4.362060 
1.000000 14.482550 13.104353 11.857309 10.728937 9.707944 8.784111 7.948192 7.191821 6.507429 5.888165 5.327832 

1.600000
0.000000 0.100000 0.200000 0.300000 0.400000 0.500000 0.600000 0.700000 0.800000 0.900000 1.000000 
0.000000 2.560000 2.316384 2.095951 1.896495 1.716019 1.552718 1.404958 1.271258 1.150282 1.040818 0.941771 
0.100000 3.126791 2.829238 2.560000 2.316384 2.095951 1.896495 1.716019 1.552718 1.404958 1.271258 1.150282 
0.200000 3.819071 3.455639 3.126791 2.829238 2.560000 2.316384 2.095951 1.896495 1.716019 1.552718 1.404958 
0.300000 4.664624 4.220726 3.819071 3.455639 3.126791 2.829238 2.560000 2.316384 2.095951 1.896495 1.716019 
0.400000 5.697385 5.155207 4.664624 4.220726 3.819071 3.455639 3.126791 2.829238 2.560000 2.316384 2.095951 
0.500000 6.958801 6.296584 5.697385 5.155207 4.664624 4.220726 3.819071 3.455639 3.126791 2.829238 2.560000 
0.600000 8.499499 7.690665 6.958801 6.296584 5.697385 5.155207 4.664624 4.220726 3.819071 3.455639 3.126791 
0.700000 10.381312 9.393399 8.499499 7.690665 6.958801 6.296584 5.697385 5.155207 4.664624 4.220726 3.819071 
0.800000 12.679763 11.473124 10.381312 9.393399 8.499499 7.690665 6.958801 6.296584 5.697385 5.155207 4.664624 
0.900000 15.487098 14.013305 12.679763 11.473124 10.381312 9.393399 8.499499 7.690665 6.958801 6.296584 5.697385 
1.000000 18.915984 17.115890 15.487098 14.013305 12.679763 11.473124 10.381312 9.393399 8.499499 7.690665 6.958801 

1.800000
0.000000 0.100000 0.200000 0.300000 0.400000 0.500000 0.600000 0.700000 0.800000 0.900000 1.000000 
0.000000 3.240000 2.931673 2.652688 2.400251 2.171837 1.965159 1.778150 1.608936 1.455826 1.317286 1.191929 
0.100000 3.957345 3.580754 3.240000 2.931673 2.652688 2.400251 2.171837 1.965159 1.778150 1.608936 1.455826 
0.200000 4.833512 4.373543 3.957345 3.580754 3.240000 2.931673 2.652688 2.400251 2.171837 1.965159 1.778150 
0.300000 5.903665 5.341857 4.833512 4.373543 3.957345 3.580754 3.240000 2.931673 2.652688 2.400251 2.171837 
0.400000 7.210753 6.524559 5.903665 5.341857 4.833512 4.373543 3.957345 3.580754 3.240000 2.931673 2.652688 
0.500000 8.807233 7.969114 7.210753 6.524559 5.903665 5.341857 4.833512 4.373543 3.957345 3.580754 3.240000 
0.600000 10.757179 9.733498 8.807233 7.969114 7.210753 6.524559 5.903665 5.341857 4.833512 4.373543 3.957345 
0.700000 13.138848 11.888521 10.757179 9.733498 8.807233 7.969114 7.210753 6.524559 5.903665 5.341857 4.833512 
0.800000 16.047825 14.520673 13.138848 11.888521 10.757179 9.733498 8.807233 7.969114 7.210753 6.524559 5.903665 
0.900000 19.600858 17.735590 16.047825 14.520673 13.138848 11.888521 10.757179 9.733498 8.807233 7.969114 7.210753 
1.000000 23.940542 21.662298 19.600858 17.735590 16.047825 14.520673 13.138848 11.888521 10.757179 9.733498 8.807233 

2.000000
0.000000 0.100000 0.200000 0.300000 0.400000 0.500000 0.600000 0.700000 0.800000 0.900000 1.000000 
0.000000 4.000000 3.619350 3.274923 2.963273 2.681280 2.426123 2.195247 1.986341 1.797316 1.626279 1.471518 
0.100000 4.885611 4.420684 4.000000 3.619350 3.274923 2.963273 2.681280 2.426123 2.195247 1.986341 1.797316 
0.200000 5.967299 5.399435 4.885611 4.420684 4.000000 3.619350 3.274923 2.963273 2.681280 2.426123 2.195247 
0.300000 7.288475 6.594885 5.967299 5.399435 4.885611 4.420684 4.000000 3.619350 3.274923 2.963273 2.681280 
0.400000 8.902164 8.055011 7.288475 6.594885 5.967299 5.399435 4.885611 4.420684 4.000000 3.619350 3.274923 
0.500000 10.873127 9.838412 8.902164 8.055011 7.288475 6.594885 5.967299 5.399435 4.885611 4.420684 4.000000 
0.600000 13.280468 12.016664 10.873127 9.838412 8.902164 8.055011 7.288475 6.594885 5.967299 5.399435 4.885611 
0.700000 16.220800 14.677187 13.280468 12.016664 10.873127 9.838412 8.902164 8.055011 7.288475 6.594885 5.967299 
0.800000 19.812130 17.926756 16.220800 14.677187 13.280468 12.016664 10.873127 9.838412 8.902164 8.055011 7.288475 
0.900000 24.198590 21.895790 19.812130 17.926756 16.220800 14.677187 13.280468 12.016664 10.873127 9.838412 8.902164 
1.000000 29.556224 26.743578 24.198590 21.895790 19.812130 17.926756 16.220800 14.677187 13.280468 12.016664 10.873127 

