1 1.0002
1.01 0.9849752684437997
1.02 0.9703422291839632
1.03 0.9562923942569074
1.04 0.9428172756990492
1.05 0.9299083855468053
1.06 0.9175572358365931
1.07 0.9057553386048294
1.08 0.8944942058879309
1.09 0.8837653497223148
1.1 0.8735602821443978
1.11 0.8638705151905972
1.12 0.8546875608973297
1.1300000000000001 0.8460029313010122
1.1400000000000001 0.8378081384380618
1.1500000000000001 0.8300946943448952
1.1600000000000001 0.8228541110579296
1.1700000000000002 0.816077900613582
1.1800000000000002 0.8097575750482688
1.1900000000000002 0.8038846463984077
1.2000000000000002 0.7984506267004151
1.2100000000000002 0.7934470279907082
1.2200000000000002 0.7888653623057039
1.2300000000000002 0.784697141681819
1.2400000000000002 0.7809338781554707
1.2500000000000002 0.7775670837630756
1.2600000000000002 0.7745882705410511
1.2700000000000002 0.7719889505258136
1.2800000000000002 0.7697606357537804
1.2900000000000003 0.7678948382613684
1.3000000000000003 0.7663830700849946
1.3100000000000003 0.7652168432610756
1.3200000000000003 0.764387669826029
1.3300000000000003 0.7638870618162711
1.3400000000000003 0.763706531268219
1.3500000000000003 0.7638375902182898
1.3600000000000003 0.7642717507029003
1.3700000000000003 0.7650005247584676
1.3800000000000003 0.7660154244214085
1.3900000000000003 0.7673079617281401
1.4000000000000004 0.768869648715079
1.4100000000000004 0.7706919974186426
1.4200000000000004 0.7727665198752475
1.4300000000000004 0.7750847281213109
1.4400000000000004 0.7776381341932497
1.4500000000000004 0.7804182501274805
1.4600000000000004 0.7834165879604205
1.4700000000000004 0.7866246597284868
1.4800000000000004 0.7900339774680961
1.4900000000000004 0.7936360532156653
1.5000000000000004 0.7974223990076117
1.5100000000000005 0.8013845268803519
1.5200000000000005 0.805513948870303
1.5300000000000005 0.8098021770138818
1.5400000000000005 0.8142407233475055
1.5500000000000005 0.8188210999075907
1.5600000000000005 0.8235348187305547
1.5700000000000005 0.8283733918528142
1.5800000000000005 0.8333283313107864
1.5900000000000005 0.8383911491408876
1.6000000000000005 0.8435533573795355
1.6100000000000005 0.8488064680631466
1.6200000000000006 0.8541419932281381
1.6300000000000006 0.8595514449109267
1.6400000000000006 0.8650263351479295
1.6500000000000006 0.8705581759755636
1.6600000000000006 0.8761384794302454
1.6700000000000006 0.8817587575483925
1.6800000000000006 0.8874105223664215
1.6900000000000006 0.8930852859207492
1.7000000000000006 0.898774560247793
1.7100000000000006 0.9044698573839698
1.7200000000000006 0.9101626893656956
1.7300000000000006 0.9158445682293884
1.7400000000000007 0.9215070060114648
1.7500000000000007 0.9271415147483418
1.7600000000000007 0.9327396064764365
1.7700000000000007 0.9382927932321651
1.7800000000000007 0.9437925870519457
1.7900000000000007 0.9492304999721942
1.8000000000000007 0.954598044029328
1.8100000000000007 0.959886731259764
1.8200000000000007 0.9650880736999191
1.8300000000000007 0.9701935833862102
1.8400000000000007 0.9751947723550548
1.8500000000000008 0.9800831526428687
1.8600000000000008 0.9848502362860699
1.8700000000000008 0.9894875353210748
1.8800000000000008 0.9939865617843009
1.8900000000000008 0.9983388277121643
1.9000000000000008 1.0025358451410822
1.9100000000000008 1.0065691261074723
1.9200000000000008 1.0104301826477506
1.9300000000000008 1.0141105267983348
1.9400000000000008 1.0176016705956412
1.9500000000000008 1.020895126076087
1.9600000000000009 1.0239824052760893
1.9700000000000009 1.026855020232064
1.9800000000000009 1.0295044829804303
1.9900000000000009 1.0319223055576028
2.000000000000001 1.0341
2.0100000000000007 1.0360310965050215
2.0200000000000005 1.037717197914003
2.0300000000000002 1.039161925229262
2.04 1.0403688994531177
2.05 1.0413417415878883
2.0599999999999996 1.0420840726358926
2.0699999999999994 1.0425995135994484
2.079999999999999 1.042891685480875
2.089999999999999 1.0429642092824902
2.0999999999999988 1.042820706006613
2.1099999999999985 1.0424647966555616
2.1199999999999983 1.0419001022316543
2.129999999999998 1.04113024373721
2.139999999999998 1.0401588421745471
2.1499999999999977 1.0389895185459839
2.1599999999999975 1.037625893853839
2.1699999999999973 1.0360715891004306
2.179999999999997 1.0343302252880777
2.189999999999997 1.0324054234190982
2.1999999999999966 1.030300804495811
2.2099999999999964 1.0280199895205346
2.219999999999996 1.0255665994955872
2.229999999999996 1.0229442554232875
2.2399999999999958 1.0201565783059536
2.2499999999999956 1.0172071891459045
2.2599999999999953 1.0140997089454584
2.269999999999995 1.010837758706934
2.279999999999995 1.0074249594326494
2.2899999999999947 1.0038649321249231
2.2999999999999945 1.000161297786074
2.3099999999999943 0.9963176774184204
2.319999999999994 0.9923376920242807
2.329999999999994 0.9882249626059731
2.3399999999999936 0.983983110165817
2.3499999999999934 0.9796157557061296
2.359999999999993 0.9751265202292304
2.369999999999993 0.9705190247374375
2.379999999999993 0.9657968902330694
2.3899999999999926 0.9609637377184442
2.3999999999999924 0.9560231881958812
2.409999999999992 0.9509788626676984
2.419999999999992 0.9458343821362142
2.4299999999999917 0.940593367603747
2.4399999999999915 0.9352594400726157
2.4499999999999913 0.9298362205451386
2.459999999999991 0.9243273300236341
2.469999999999991 0.9187363895104206
2.4799999999999907 0.9130670200078168
2.4899999999999904 0.9073228425181411
2.4999999999999902 0.9015074780437119
2.50999999999999 0.895624547586848
2.51999999999999 0.889677672149867
2.5299999999999896 0.8836704727350885
2.5399999999999894 0.8776065703448303
2.549999999999989 0.871489585981411
2.559999999999989 0.865323140647149
2.5699999999999887 0.8591108553443632
2.5799999999999885 0.8528563510753717
2.5899999999999883 0.8465632488424931
2.599999999999988 0.8402351696480457
2.609999999999988 0.8338757344943484
2.6199999999999877 0.8274885643837189
2.6299999999999875 0.8210772803184767
2.6399999999999872 0.8146455033009392
2.649999999999987 0.808196854333426
2.659999999999987 0.8017349544182548
2.6699999999999866 0.7952634245577445
2.6799999999999864 0.7887858857542132
2.689999999999986 0.7823059590099797
2.699999999999986 0.7758272653273618
2.7099999999999858 0.769353425708679
2.7199999999999855 0.7628880611562491
2.7299999999999853 0.7564347926723912
2.739999999999985 0.7499972412594229
2.749999999999985 0.7435790279196633
2.7599999999999847 0.737183773655431
2.7699999999999845 0.7308150994690438
2.7799999999999843 0.7244766263628207
2.789999999999984 0.7181719753390798
2.799999999999984 0.7119047674001403
2.8099999999999836 0.7056786235483199
2.8199999999999834 0.6994971647859375
2.829999999999983 0.6933640121153113
2.839999999999983 0.6872827865387602
2.8499999999999828 0.6812571090586022
2.8599999999999826 0.6752906006771564
2.8699999999999823 0.6693868823967403
2.879999999999982 0.6635495752196734
2.889999999999982 0.6577823001482737
2.8999999999999817 0.6520886781848596
2.9099999999999815 0.6464723303317497
2.9199999999999813 0.6409368775912627
2.929999999999981 0.6354859409657166
2.939999999999981 0.6301231414574303
2.9499999999999806 0.6248521000687222
2.9599999999999804 0.6196764378019106
2.96999999999998 0.6145997756593141
2.97999999999998 0.6096257346432513
2.98999999999998 0.6047579357560403
2.9999999999999796 0.6
3.0099999999999794 0.5953546486861139
3.019999999999979 0.5908210043600256
3.029999999999979 0.5863972898760449
3.0399999999999787 0.5820817280884805
3.0499999999999785 0.5778725418516415
3.0599999999999783 0.5737679540198373
3.069999999999978 0.5697661874473771
3.079999999999978 0.5658654649885696
3.0899999999999777 0.5620640094977245
3.0999999999999774 0.5583600438291504
3.1099999999999772 0.5547517908371569
3.119999999999977 0.5512374733760528
3.129999999999977 0.5478153143001475
3.1399999999999766 0.5444835364637499
3.1499999999999764 0.5412403627211694
3.159999999999976 0.5380840159267148
3.169999999999976 0.5350127189346956
3.1799999999999757 0.5320246945994205
3.1899999999999755 0.5291181657751993
3.1999999999999753 0.5262913553163404
3.209999999999975 0.5235424860771536
3.219999999999975 0.5208697809119475
3.2299999999999747 0.5182714626750315
3.2399999999999745 0.5157457542207148
3.2499999999999742 0.5132908784033062
3.259999999999974 0.5109050580771155
3.269999999999974 0.5085865160964511
3.2799999999999736 0.5063334753156226
3.2899999999999734 0.5041441585889389
3.299999999999973 0.5020167887707093
3.309999999999973 0.4999495887152429
3.3199999999999728 0.4979407812768488
3.3299999999999725 0.4959885893098362
3.3399999999999723 0.49409123566851415
3.349999999999972 0.49224694320719176
3.359999999999972 0.49045393478017846
3.3699999999999717 0.488710433241783
3.3799999999999715 0.48701466144631483
3.3899999999999713 0.4853648422480828
3.399999999999971 0.4837591985013963
3.409999999999971 0.4821959530605644
3.4199999999999706 0.4806733287798961
3.4299999999999704 0.4791895485137007
3.43999999999997 0.4777428351162874
3.44999999999997 0.4763314114419651
3.4599999999999698 0.47495350034504313
3.4699999999999696 0.4736073246798305
3.4799999999999693 0.47229110730063656
3.489999999999969 0.47100307106177014
3.499999999999969 0.46974143881754077
3.5099999999999687 0.4685044334222572
3.5199999999999685 0.4672902777302287
3.5299999999999683 0.4660971945957646
3.539999999999968 0.4649234068731737
3.549999999999968 0.46376713741676556
3.5599999999999676 0.4626266090808489
3.5699999999999674 0.46150004471973305
3.579999999999967 0.46038566718772717
3.589999999999967 0.4592816993391405
3.599999999999967 0.45818636402828183
3.6099999999999666 0.45709788410946073
3.6199999999999664 0.4560144824369859
3.629999999999966 0.4549343818651669
3.639999999999966 0.4538558052483126
3.6499999999999657 0.4527769754407322
3.6599999999999655 0.451696115296735
3.6699999999999653 0.4506114476706299
3.679999999999965 0.4495211954167261
3.689999999999965 0.4484235813893328
3.6999999999999647 0.4473168284427591
3.7099999999999644 0.44619915943131416
3.7199999999999642 0.44506879720930703
3.729999999999964 0.44392396463104705
3.739999999999964 0.4427628845508432
3.7499999999999636 0.4415837798230048
3.7599999999999634 0.4403848733018406
3.769999999999963 0.4391643878416601
3.779999999999963 0.43792054629677246
3.7899999999999627 0.4366515715214865
3.7999999999999625 0.4353556863701117
3.8099999999999623 0.4340311136969569
3.819999999999962 0.43267607635633154
3.829999999999962 0.4312887972025444
3.8399999999999617 0.42986749908990507
3.8499999999999615 0.4284104048727222
3.8599999999999612 0.4269157374053053
3.869999999999961 0.42538171954196324
3.879999999999961 0.4238065741370055
3.8899999999999606 0.42218852404474105
3.8999999999999604 0.42052579211947894
3.90999999999996 0.41881660121552816
3.91999999999996 0.4170591741871983
3.9299999999999597 0.41525173388879816
3.9399999999999595 0.41339250317463705
3.9499999999999593 0.4114797048990239
3.959999999999959 0.4095115619162682
3.969999999999959 0.40748629708067874
3.9799999999999587 0.4054021332465647
3.9899999999999585 0.4032572932682355
3.9999999999999583 0.40105
4.009999999999958 0.39877901650052344
4.019999999999958 0.39644526664589486
4.029999999999958 0.3940502145165589
4.039999999999957 0.3915953241929609
4.049999999999957 0.3890820597555457
4.059999999999957 0.3865118852847583
4.069999999999957 0.38388626486104344
4.0799999999999566 0.3812066625648464
4.089999999999956 0.378474542476612
4.099999999999956 0.37569136867678526
4.109999999999956 0.3728586052458108
4.119999999999956 0.3699777162641341
4.1299999999999555 0.36705016581219996
4.139999999999955 0.3640774179704532
4.149999999999955 0.36106093681933865
4.159999999999955 0.3580021864393017
4.169999999999955 0.35490263091078716
4.179999999999954 0.35176373431423985
4.189999999999954 0.34858696073010464
4.199999999999954 0.34537377423882687
4.209999999999954 0.3421256389208513
4.219999999999954 0.33884401885662285
4.229999999999953 0.33553037812658637
4.239999999999953 0.3321861808111872
4.249999999999953 0.3288128909908701
4.259999999999953 0.32541197274607997
4.2699999999999525 0.32198489015726184
4.279999999999952 0.31853310730486034
4.289999999999952 0.3150580882693211
4.299999999999952 0.3115612971310887
4.309999999999952 0.3080441979706081
4.319999999999951 0.304508254868324
4.329999999999951 0.30095493190468203
4.339999999999951 0.29738569316012675
4.349999999999951 0.2938020027151031
4.359999999999951 0.29020532465005583
4.36999999999995 0.2865971230454305
4.37999999999995 0.28297886198167177
4.38999999999995 0.2793520055392245
4.39999999999995 0.2757180177985335
4.4099999999999495 0.2720783628400443
4.419999999999949 0.26843450474420144
4.429999999999949 0.26478790759145
4.439999999999949 0.2611400354622346
4.449999999999949 0.25749235243700086
4.4599999999999485 0.2538463225961934
4.469999999999948 0.25020341002025714
4.479999999999948 0.24656507878963682
4.489999999999948 0.242932792984778
4.499999999999948 0.23930801668612528
4.509999999999947 0.23569221397412365
4.519999999999947 0.2320868489292181
4.529999999999947 0.2284933856318533
4.539999999999947 0.22491328816247474
4.5499999999999465 0.22134802060152717
4.559999999999946 0.21779904702945557
4.569999999999946 0.21426783152670442
4.579999999999946 0.21075583817371948
4.589999999999946 0.20726453105094533
4.5999999999999455 0.203795374238827
4.609999999999945 0.2003498318178091
4.619999999999945 0.19692936786833715
4.629999999999945 0.19353544647085585
4.639999999999945 0.19016953170581022
4.649999999999944 0.18683308765364487
4.659999999999944 0.18352757839480538
4.669999999999944 0.18025446800973632
4.679999999999944 0.1770152205788828
4.6899999999999435 0.17381130018268948
4.699999999999943 0.17064417090160178
4.709999999999943 0.16751529681606442
4.719999999999943 0.16442614200652247
4.729999999999943 0.16137817055342052
4.7399999999999425 0.15837284653720407
4.749999999999942 0.15541163403831781
4.759999999999942 0.1524959971372068
4.769999999999942 0.14962739991431592
4.779999999999942 0.14680730645008988
4.789999999999941 0.14403718082497413
4.799999999999941 0.14131848711941347
4.809999999999941 0.13865268941385284
4.819999999999941 0.13604125178873686
4.829999999999941 0.13348563832451107
4.83999999999994 0.13098731310162012
4.84999999999994 0.12854774020050913
4.85999999999994 0.12616838370162267
4.86999999999994 0.12385070768540621
4.8799999999999395 0.12159617623230448
4.889999999999939 0.11940625342276248
4.899999999999939 0.11728240333722498
4.909999999999939 0.11522609005613721
4.919999999999939 0.1132387776599442
4.929999999999938 0.1113219302290906
4.939999999999938 0.1094770118440214
4.949999999999938 0.10770548658518186
4.959999999999938 0.10600881853301669
4.969999999999938 0.10438847176797109
4.979999999999937 0.1028459103704896
4.989999999999937 0.10138259842101766
4.999999999999937 0.1
5.009999999999937 0.0986991982117926
5.0199999999999365 0.09747975225639548
5.029999999999936 0.09634084035771953
5.039999999999936 0.09528164073967597
5.049999999999936 0.09430133162617571
5.059999999999936 0.09339909124112973
5.0699999999999354 0.09257409780844901
5.079999999999935 0.09182552955204468
5.089999999999935 0.09115256469582766
5.099999999999935 0.09055438146370898
5.109999999999935 0.0900301580795996
5.119999999999934 0.08957907276741062
5.129999999999934 0.08920030375105294
5.139999999999934 0.08889302925443768
5.149999999999934 0.08865642750147573
5.1599999999999335 0.0884896767160782
5.169999999999933 0.08839195512215604
5.179999999999933 0.08836244094362025
5.189999999999933 0.0884003124043819
5.199999999999933 0.08850474772835193
5.2099999999999325 0.08867492513944138
5.219999999999932 0.08891002286156124
5.229999999999932 0.08920921911862258
5.239999999999932 0.0895716921345363
5.249999999999932 0.08999662013321347
5.259999999999931 0.09048318133856509
5.269999999999931 0.09103055397450215
5.279999999999931 0.09163791626493574
5.289999999999931 0.09230444643377675
5.2999999999999305 0.09302932270493623
5.30999999999993 0.0938117233023252
5.31999999999993 0.09465082644985474
5.32999999999993 0.09554581037143571
5.33999999999993 0.09649585329097918
5.3499999999999295 0.09750013343239618
5.359999999999929 0.09855782901959777
5.369999999999929 0.0996681182764948
5.379999999999929 0.1008301794269984
5.389999999999929 0.1020431906950195
5.399999999999928 0.10330633030446928
5.409999999999928 0.1046187764792585
5.419999999999928 0.10597970744329832
5.429999999999928 0.10738830142049968
5.439999999999928 0.10884373663477377
5.449999999999927 0.11034519131003132
5.459999999999927 0.11189184367018343
5.469999999999927 0.11348287193914121
5.479999999999927 0.11511745434081569
5.4899999999999265 0.11679476909911765
5.499999999999926 0.11851399443795825
5.509999999999926 0.12027430858124849
5.519999999999926 0.12207488975289932
5.529999999999926 0.123914916176822
5.539999999999925 0.12579356607692718
5.549999999999925 0.12771001767712603
5.559999999999925 0.12966344920132947
5.569999999999925 0.13165303887344884
5.579999999999925 0.1336779649173947
5.589999999999924 0.13573740555707828
5.599999999999924 0.1378305390164105
5.609999999999924 0.13995654351930267
5.619999999999924 0.14211459728966533
5.6299999999999235 0.1443038785514097
5.639999999999923 0.1465235655284468
5.649999999999923 0.1487728364446879
5.659999999999923 0.15105086952404348
5.669999999999923 0.15335684299042485
5.6799999999999224 0.15568993506774292
5.689999999999922 0.158049323979909
5.699999999999922 0.16043418795083364
5.709999999999922 0.1628437052044281
5.719999999999922 0.1652770539646033
5.729999999999921 0.1677334124552705
5.739999999999921 0.1702119589003403
5.749999999999921 0.17271187152372391
5.759999999999921 0.17523232854933235
5.7699999999999205 0.1777725082010766
5.77999999999992 0.1803315887028679
5.78999999999992 0.18290874827861686
5.79999999999992 0.18550316515223458
5.80999999999992 0.18811401754763218
5.8199999999999195 0.19074048368872093
5.829999999999919 0.1933817417994112
5.839999999999919 0.19603697010361448
5.849999999999919 0.19870534682524155
5.859999999999919 0.20138605018820388
5.869999999999918 0.2040782584164117
5.879999999999918 0.20678114973377654
5.889999999999918 0.20949390236420926
5.899999999999918 0.2122156945316211
5.9099999999999175 0.21494570445992267
5.919999999999917 0.21768311037302512
5.929999999999917 0.2204270904948396
5.939999999999917 0.22317682304927716
5.949999999999917 0.2259314862602485
5.9599999999999165 0.22869025835166487
5.969999999999916 0.2314523175474371
5.979999999999916 0.23421684207147653
5.989999999999916 0.2369830101476938
5.999999999999916 0.23975
